Normal
0064 3D4C # Sanity
0019 0001 00570A3E
0001 0001 001126EA
0046 0001 00000001
0005 0001 00199999
00D3 0002 FE800000 05000000
0003 0002 04000000 05000000
0005 0001 00000001
0002 0002 FF000000 05000000
002E 0001 00000002
0003 0006 00000088 FFFFFFFF E8000000 FBF6FFF0 D8000000 FC090000
0001 0003 4C000001 0800000F F3FFFFFF
0020 0001 FFFFFFFF
0004 0001 00000002
0031 0001 00000002
0002 0002 05050000 16000008
0010 0001 00000002
0022 0001 FFFFFFFF
0003 0002 07000000 FFFFFFFF
0003 0002 07000000 FFFFFFFF
0003 0002 07000000 00000001
0003 0001 07000000
002B 0001 00001000
0004 0001 00001000
0004 0001 00001000
0004 0001 00001000
0008 0001 05001400
0004 0001 05001400
0004 0001 05001400
0004 0001 05001400
002D 0001 00000003
002E 0001 00000003
0029 0001 00001000
0004 0001 00001400
0004 0001 00001400
0004 0001 00001000
0011 0001 00001000
0004 0001 00001400
0004 0001 00001400
0004 0001 00001000
002C 0001 00000002
0014 0001 00000002
0064 0001 00000002
0002 0003 001B7380 0F000000 00000002
0002 0003 001B7380 0F000000 00000002
0002 0003 001B7380 0F000000 00000002
0002 0003 00168000 09F80000 00000002
0172 0001 00000001
0003 0001 0C8C0000
0021 0001 00000004
0002 0002 75FEC000 11800000
0006 0001 00000004
0015 0001 00000002
0003 0002 00000080 00000002
0003 0002 00000080 00000005
0003 0001 0F0C0008
002B 0001 00000004
0002 0002 82840000 078C0008
0010 0001 00000004
0002 0002 76040000 078C0008
0004 0001 FFFFFFF8
0019 0001 00000003
0039 0002 00014000 0F0C0000
0020 0019 FFFFFFFF E0000000 BFF70000 FFFFFF62 FFFF80C0 53FDC000 21000000 D84BFFFE
          01900578 3E491373 CEEAF190 2D7BFF61 D7C9B7FE 0258FA88 46191373 CEEAF190
		  CBFBFF5D 9EFD8FFE 03B3FD53 40000000 C666F0ED 43FFFF5D FC00009C C0007F40
		  9C024000
0001 0003 FEC80000 01220000 FC7C0000
0003 0003 00120000 00001B58 01F40000
0001 0004 00027007 019003E8 F8300000 FFFD8000
0001 0002 00000007 00C80000
0001 0001 FFFD8000
0001 0004 FFFD9007 FE6FFD44 07D00000 FFFD8000
0001 0001 00000003
0018 0001 00028000
0004 0001 00028000
0004 0001 00028000
0001 0001 00000002
001C 0001 00028000
0004 0001 00028000
0004 0001 00028000
0001 0001 00000004
0018 0001 00C80000
0004 0001 01900000
0004 0001 00640000
0002 0001 00000008
000B 0001 00000003
0002 0001 0003C000
0001 0002 00000003 00C80000
0001 0001 0003C000
0001 0002 00000003 01900000
0001 0001 0003C000
0001 0002 00000005 00640000
0001 0002 0003C000 00000008
0013 0001 00000001
0002 0003 FFFD8000 05000000 00000001
0002 0003 FFFD8000 05000000 00000001
0002 0003 FFFD8000 05000000 00000003
0002 0002 6CFB0000 190C0000
0001 0001 00000001
000F 0001 00000005
0002 0001 00078000
0001 0001 00000005
0002 0001 00078000
0001 0001 00000005
0002 0001 00078000
0001 0001 00000004
0002 0002 00078000 0A0C0000
0001 0001 00000001
0010 0001 00000001
0002 0003 FFFC4000 0A000000 00000001
0002 0003 FFFC4000 0A000000 00000001
0002 0003 FFFC4000 0A000000 00000002
0002 0002 FFFC4000 0A0C0000
0001 0001 00000001
000F 0001 00000003
0002 0003 D2828000 09FFFFF8 00000007
0002 0003 0A078000 04F80000 00000007
0002 0003 0A078000 04F80000 00000006
0002 0002 5A028000 0A0C0000
021C 0004 5FFFFFFC E0000006 23F90000 04070000
0002 0001 97FFFFFE
026B 0001 FFFFFFFF
0000 0000